165891302	46.07
198758856	24.39
192288916	48.63
840680565	82.02
548784059	62.75
487458329	53.13
706185271	50.01
342616952	49.84
316971671	50.92
531916419	83.59
590395853	65.38
423363802	25.03
383656011	66.67
425457329	54.65
393353026	48.93
512072617	74.63
456850885	42.5
430760385	81.46
339334125	38.77
736510320	69.39
884715869	51.34
739765169	22.09
756395899	54.99
396974225	25.71
434818008	52.19
474717616	50.38
613731482	62.1
425339432	24.12
425924053	88.13
890631520	85.8
205240065	54.23
719495993	45.5
515203442	77.68
181791836	79.74
709127737	47.18
744309272	64.92
822734213	46.55
506933807	48.0
885755027	22.89
434271294	30.67
523046323	51.25
773088629	32.27
730797584	77.81
330372575	43.18
777511945	70.82
681363932	37.33
379660601	24.63
540943686	47.42
216623852	45.64
554709500	34.75
539886311	22.37
813901984	47.87
558041598	43.94
417534332	50.88
284522710	80.41
733991672	54.19
247296908	86.91
104793712	78.83
329464779	85.21
406842362	26.18
263184432	89.85
863338562	85.73
251816741	50.94
549252346	77.31
129708247	79.07
122507313	68.84
420641260	54.78
343638678	36.0
882139059	21.78
480826587	23.47
133484662	87.35
513018402	50.86
590216305	88.77
601845308	89.28
372827267	52.61
230672982	57.06
112991896	87.73
817708758	65.87
639295840	89.26
106816399	68.0
771031347	37.39
180194372	37.97
475827418	45.77
245006205	35.4
530909372	88.28
882808978	68.81
636249432	47.3
606093017	78.14
577716304	50.35
159630232	59.99
580800122	68.17
678090011	62.88
204744486	80.91
557713318	36.36
446429850	50.34
515630678	58.7
492184960	63.74
371915861	63.97
242574281	58.61
817451821	45.63
860650830	88.58
460071329	67.54
730156094	48.63
898830061	35.45
525747050	74.55
367780627	64.52
634429483	53.57
511972006	27.25
667298638	79.98
426887622	66.3
635389652	25.61
175727548	45.63
651716407	45.0
364150252	36.32
838657747	83.04
431757423	74.99
250214854	64.66
715684911	68.6
484231139	32.36
321984202	61.63
557199702	20.04
218436519	56.71
588967497	30.51
680636529	58.37
110119634	53.49
116265069	20.81
803368924	68.92
410951109	27.63
700168660	38.62
227131071	49.63
453769044	53.11
875212096	53.73
517081958	57.0
233024810	59.31
474300064	69.68
190467661	53.9
775240550	51.07
613620882	87.2
699173294	68.59
684683951	68.79
146248597	37.8
395778284	21.75
304799508	30.83
811989554	46.23
163067725	33.92
385047832	24.86
834476367	85.59
268938810	48.29
852051074	62.08
404944014	82.67
220560853	68.62
231556086	84.15
678080809	63.74
470687256	41.81
812238701	71.98
366642007	68.37
754299183	33.12
852879226	42.1
665286340	35.03
522477189	62.81
355284785	24.23
505974994	49.12
290027064	64.52
119230625	45.76
671674762	61.51
789190127	43.91
338667785	70.47
350694364	89.17
145877013	51.01
717581384	88.08
217805740	38.5
676235122	82.08
310836124	53.01
451371918	45.99
173244016	31.53
633713318	88.45
853365861	39.07
538547423	37.19
413836158	72.62
141598969	86.78
629957078	79.44
685621177	22.54
338237632	47.39
583293176	75.04
242120722	82.1
152421027	20.75
374809035	73.12
745175499	63.21
750768547	62.78
795442869	49.67
772226716	48.01
376474750	59.85
317349216	70.06
616963899	65.24
129188537	40.48
220731863	66.88
246528084	34.06
466303865	84.51
689154173	41.69
616214532	20.24
580794188	50.66
361742255	65.65
596764954	26.97
682476891	71.19
147234095	33.7
516867604	67.25
343774711	73.32
509525196	83.9
891943599	41.19
664969840	36.96
425183156	52.51
375820749	66.03
321019723	57.04
232783207	80.4
730811298	24.08
594292928	44.69
203506226	41.7
352199758	35.24
492640975	60.89
297034819	44.93
238914652	37.05
557836192	86.21
101005450	31.86
150908239	28.54
488215236	65.02
555457909	66.04
497739465	75.54
448525594	69.17
314935678	73.51
214478770	83.34
557215599	37.26
263953622	41.48
192202582	28.62
506329430	42.08
665381022	88.69
236080006	55.57
729232696	42.96
836794219	38.54
557887355	22.26
545530104	48.05
805348464	79.15
178472837	42.85
123144158	38.16
598606867	55.34
804614406	28.03
409966174	26.5
846715945	57.44
297303509	68.12
649421414	57.31
304759057	65.48
181001520	73.17
721691511	60.58
676118086	40.45
374501112	62.25
824550109	58.38
689209023	32.36
741467262	28.54
301047948	26.9
600925767	28.04
881648507	62.07
687989898	41.28
791011528	81.32
712632618	27.96
709238767	52.12
569046514	37.25
836635507	59.29
153568964	69.13
164789012	84.09
176565214	83.72
314356958	44.18
857178233	21.45
181508618	52.03
204159648	45.05
188559846	86.66
123552429	34.6
479401428	52.31
275599620	34.18
696295169	82.73
482326516	46.3
332683103	85.66
855303700	77.23
141153256	34.29
455071061	42.52
518573935	61.93
522077256	21.26
175577138	39.79
355067764	55.15
122735458	20.11
812691853	38.26
815191504	70.98
500571442	39.31
324283294	70.33
651733352	29.41
211120629	42.76
175976599	55.24
397382682	71.24
220499195	83.84
647940231	23.06
703975442	83.82
117032297	43.77
417158765	70.56
417546756	46.51
206596219	64.51
226141327	22.12
300251921	52.57
870352727	42.76
167171588	50.37
130760830	85.82
433829203	22.93
674606717	45.99
541005459	78.95
301307839	64.86
304026213	75.97
695116589	62.84
727809843	76.5
451611805	81.94
291506027	86.64
666869477	81.97
411593859	32.44
868917824	59.64
251135398	36.89
308510106	50.56
592355335	77.01
239670540	89.84
767850542	41.7
199995169	65.61
287535308	59.63
556728840	62.72
823767999	89.25
329764462	27.86
218997440	79.7
275942153	88.59
205274306	31.31
432971457	89.76
387600025	42.83
427159615	28.36
189471623	57.98
540709731	67.05
657329813	75.39
414097697	67.2
240366496	27.06
133321623	25.48
150719410	36.44
351546085	71.96
624011790	88.65
756087946	88.99
551884230	85.15
664613404	71.28
860370551	42.13
389676065	52.77
340696022	23.09
692237899	62.85
354146937	52.33
248186061	63.73
834748829	22.79
794891965	53.96
110509260	37.42
189096818	58.0
165988534	78.31
402868453	32.48
559002960	64.55
156863370	74.94
201174763	61.95
790617079	54.52
270475465	59.64
304239782	60.96
479347577	89.21
196894949	83.39
476396584	34.94
855390849	64.64
184985167	49.47
180684080	26.16
428620812	51.27
536342679	48.85
376517590	81.32
676284193	69.65
139724026	56.46
172707134	35.36
555665015	39.53
453856159	48.14
322087056	63.09
460161163	68.98
318140439	67.53
806766470	65.09
171010372	72.33
671011048	48.9
510199683	74.72
148400748	81.94
543219933	53.35
309742552	58.64
261138094	87.92
257371755	42.97
611390190	71.54
711577571	77.95
872834000	42.89
896481652	64.51
760383006	39.13
830596115	56.33
182091982	86.39
606366552	89.9
792605943	88.77
246755993	33.61
338366878	60.17
694672024	27.92
360594857	26.14
816054288	86.95
353577727	81.87
221415379	64.42
544723158	75.31
301647627	33.69
696182477	43.41
701133310	40.13
544280144	80.06
670326149	47.45
663181296	86.37
487997955	27.43
564705163	51.73
208860793	68.15
824931211	35.53
702830437	40.79
825608701	40.1
741537649	32.4
425688955	25.8
210003106	26.75
681971832	45.78
549396031	64.5
589881275	62.32
869160411	35.32
210661956	58.96
426536571	59.04
382310885	21.68
472205291	35.8
442798339	66.14
888079959	40.89
801065810	67.65
196660220	65.64
824321961	60.32
144195629	25.51
466373565	40.93
557620420	45.69
573411982	27.53
633851001	25.03
148089086	81.16
660106119	89.59
740366866	57.26
259858942	87.95
844123433	26.83
231933619	47.87
369514620	40.45
714285341	53.3
516302078	63.05
545461845	66.45
235414520	70.43
236460337	82.43
249246499	55.39
501960070	49.43
546606689	77.58
784768478	30.72
708412823	20.73
432101831	58.05
122516723	50.28
302996325	54.45
495029377	36.67
738097929	51.22
802523353	46.79
490475902	40.64
295367890	53.01
358444143	73.17
579885700	60.14
400057905	76.7
391055599	50.51
124921389	29.74
854464957	23.1
559884718	46.51
511165304	82.44
695916726	40.1
813214749	53.97
380984717	42.32
812076691	59.29
326443341	33.22
389127869	88.72
699033957	22.63
104978721	24.34
735352433	45.39
764108865	79.88
806226143	44.66
541877526	28.67
680737485	42.55
213552059	31.27
503789598	77.4
275571367	24.45
415061960	37.38
665161074	21.32
105105188	68.56
656218707	65.76
371591450	60.76
171322964	35.38
574480031	61.42
673161972	22.3
644335202	57.76
606278762	25.7
706644721	70.97
455965982	67.5
130356028	81.15
307938659	60.4
856626651	68.7
484841693	47.76
550333742	65.04
494054446	68.97
317004228	82.42
723291330	37.38
828057500	75.61
361545826	73.71
339920720	74.15
860655927	61.99
446802122	64.99
684850088	42.36
643690359	77.08
831006495	74.29
707231750	72.3
237701355	66.18
741174396	71.84
331183537	50.55
756127932	73.02
624973854	44.16
376271368	81.96
412834273	78.54
831363098	78.37
216570111	57.06
192718005	30.6
240855144	58.79
505756508	82.18
160941831	83.58
204746576	82.55
195377347	54.23
802903002	70.67
461895195	58.43
680950820	56.58
227684507	57.93
772071343	20.3
440390975	37.77
341473355	71.75
201107835	35.81
673573215	45.49
681806858	28.34
364055279	45.55
187590256	78.88
210778333	81.98
845116510	29.03
897390988	25.99
572721973	47.84
349208837	24.67
751430767	82.05
479998722	75.37
420777107	55.2
152213626	70.87
443998382	81.9
191925990	27.21
185751507	24.26
100169294	27.21
794121153	82.61
629971423	28.92
716227248	58.26
832986918	74.59
265072899	59.68
473681420	28.88
371400316	37.01
125420785	75.99
866620417	76.26
646383325	20.78
631323676	82.37
122551103	40.54
723667267	65.37
415309819	71.79
835213659	36.37
611256746	75.27
291028509	82.36
852213824	48.95
227480376	46.51
135077305	59.03
239273547	83.52
303303925	67.5
785651461	45.96
229370067	62.38
691359912	67.59
102446674	86.02
188679063	85.23
603890551	27.91
875010242	34.09
134658733	49.19
772291705	57.52
408443816	27.42
289844235	43.09
789333651	72.99
610457669	60.49
676920249	24.4
782875763	23.91
329122662	82.38
709994520	22.79
375435716	48.05
682502954	88.99
377979303	23.03
861355939	81.35
152091263	40.85
328725758	60.06
875623619	53.81
611725663	49.82
347378732	46.52
576016375	77.48
314992669	66.23
756596305	64.35
134985082	54.73
622018372	80.48
667266894	75.76
723706727	29.9
188730879	64.15
154157758	73.07
452876880	37.87
250766389	89.41
747328391	23.13
284341116	23.95
881642713	31.19
773093015	59.79
432256402	66.68
122217552	57.77
320116771	60.18
469557200	32.78
502097131	22.95
469158660	35.89
614047954	53.77
397422242	68.21
360302056	62.09
454601169	36.75
607053795	52.83
821610340	27.28
506256422	89.79
541425490	44.14
779966006	38.71
717149761	73.58
652809680	44.6
862678724	81.89
859810364	43.42
196198752	88.65
673727870	75.84
157025398	24.93
734557979	51.25
399854744	69.54
387179284	50.21
836163892	47.49
679440000	54.15
357351249	32.09
439881474	61.3
147662227	58.14
404843845	82.75
646849439	31.63
578258178	58.66
849731551	83.07
868936940	76.79
515757396	79.44
754025364	39.94
822495419	22.67
127778504	75.24
679323426	77.48
142284229	47.43
713088028	35.72
161839001	32.52
634622396	42.86
570806518	61.38
125616504	24.79
423903236	75.58
403930706	74.23
687995802	30.04
454212999	78.57
787902423	25.33
855580386	85.29
674141303	23.57
269969472	56.43
568830815	55.5
854443744	60.03
357318596	69.13
803747944	26.96
467063277	58.57
258735455	33.48
548106050	87.56
325134602	22.54
185493313	29.52
178441200	61.87
590075193	60.71
856618631	43.23
167233896	29.49
734136905	29.21
591381465	73.03
224444052	59.07
756572573	25.18
866203742	27.89
778975888	81.69
186532961	37.19
289943886	40.64
895128795	72.94
261939136	54.26
724734943	79.31
240649735	41.68
405903405	57.14
409246374	69.09
516772533	51.28
232371838	51.48
778072461	36.14
481085041	37.63
230907375	21.83
487767956	42.89
374852750	72.56
452231435	23.13
203787300	44.19
117832848	64.67
349396854	51.62
286819382	54.11
200059985	45.8
776368853	60.51
723467406	64.79
525251511	38.7
331017639	36.01
252006935	40.27
652577387	26.89
594033502	66.7
734538257	32.15
246584283	87.32
653755756	38.1
486207107	63.51
385483837	50.05
669915815	66.37
406306867	80.99
592274540	85.83
233886927	37.02
812917455	74.41
337898580	55.42
237070098	52.95
190962182	79.32
797612775	78.66
654106370	48.11
785944057	85.7
853807093	79.9
105726992	29.18
455048241	33.98
221849393	39.08
667353129	31.25
677503599	28.72
807779112	29.55
766296059	49.93
751917341	47.43
739856069	73.62
532367105	82.2
294532904	58.51
409453308	73.28
402053811	44.02
615704957	21.28
254960073	71.29
220906255	31.47
654758177	66.63
647843824	45.83
680184651	29.64
894216047	53.05
692382880	59.82
378611947	41.19
148073887	23.9
770979754	73.17
238214821	41.19
561040470	83.25
191718071	36.59
517853212	53.07
130614332	27.61
547500971	78.28
249154514	49.59
378240226	66.29
299489441	58.19
573641677	73.25
679195210	32.89
556052527	47.23
407171180	85.53
836033528	61.24
323326033	75.26
714103815	28.92
183286525	56.41
856884113	46.26
745661875	69.17
759975639	27.47
245028600	20.06
694464282	22.57
188281998	21.8
814399525	68.84
335440129	60.42
773221985	24.79
508727786	39.34
508153265	35.44
577549348	21.14
709878974	70.42
274935008	83.82
503613728	22.07
340015220	53.44
542922935	82.2
836901480	67.71
898818307	51.51
230422632	53.0
368727853	32.67
499311697	83.17
527672684	52.79
531692011	77.35
564335446	36.31
353391951	28.99
122373967	21.07
511288100	34.48
572554705	23.53
643280333	34.04
694607568	27.93
258191420	73.77
833942950	53.69
827157522	76.49
382021608	39.94
271311364	39.82
701535007	81.4
300968055	31.57
558192393	38.2
300390956	60.67
584518702	59.03
259469342	44.87
287602625	52.99
121935159	27.45
148729145	43.84
884192613	43.8
208783182	82.23
230799776	79.9
357849863	77.42
549129711	71.2
314575748	26.65
110821109	51.03
370915170	86.97
686115624	64.29
704533914	45.84
208905215	77.39
489038220	73.38
110101499	53.6
403827920	23.31
189156236	29.05
461541723	59.67
412394970	34.43
246724032	56.46
742997798	61.31
591343993	72.1
793342800	30.49
717123174	79.89
458204144	24.42
253814043	62.84
406891499	48.22
447943267	42.99
636817040	50.63
435366057	55.59
444146579	66.66
554678745	33.76
388751314	46.97
759450596	49.92
724305981	57.06
188453743	27.38
471936446	81.32
384028183	44.59
662355068	72.72
712710535	39.78
706652685	33.33
300507761	77.23
376591878	24.28
413315101	61.72
751984073	87.68
167301294	45.03
465972859	71.21
883623587	82.18
677454509	78.32
622060246	67.86
586545268	79.99
790451182	58.9
653397856	61.0
739466790	25.87
717095120	21.47
710410821	58.04
412499106	55.38
615472936	24.38
356617911	29.82
871009334	65.32
575520207	37.77
550552292	36.74
629111425	43.83
329582229	47.54
868607545	31.47
680800002	78.64
376327027	33.19
383866287	52.39
197467022	69.88
838747318	48.51
603765013	59.69
116869277	84.23
327493695	80.86
333987468	63.82
317236000	33.05
121744308	32.35
859155006	77.93
726127066	29.82
713630268	89.04
635778378	49.9
547639186	87.98
556782988	30.45
545315020	60.71
489165905	32.13
783231047	58.61
199408404	57.01
587336941	59.89
898755674	46.57
281978048	35.31
596884205	62.18
123685488	60.71
311407206	39.53
240455103	55.0
858165589	37.7
453667030	59.3
196273499	30.56
654232371	29.34
151795423	25.42
142770856	69.65
820034719	83.83
773035672	66.49
279007591	28.58
707905089	53.52
211911881	36.61
891465079	46.37
441120166	70.97
544973669	51.02
480038598	67.16
794100252	25.84
260628034	83.24
633615244	24.84
861571680	51.33
132274206	43.28
203780816	47.04
219831504	49.14
732075737	48.65
137307791	33.97
339813288	66.53
382423217	78.87
304374134	64.81
213761219	76.37
711096365	62.1
701351880	35.58
834952442	69.58
512104877	74.53
251731186	58.26
234413333	36.62
167451975	53.37
481390727	22.02
499432664	44.91
388915171	77.28
765928620	75.68
798490285	66.83
738538204	60.99
516031205	79.49
883997332	48.15
526845209	73.26
799036563	87.99
101665259	21.65
831261841	55.62
512705049	88.78
233752571	63.28
525536986	50.29
814214244	40.83
353603915	33.0
378533860	41.33
403888804	36.59
471659274	80.3
131979474	40.48
728800740	33.02
562816318	70.91
885729505	50.09
378126578	77.68
604529505	41.4
266792456	59.98
312553200	21.07
137937912	63.56
647056230	40.9
600277538	58.23
107116191	87.87
401850804	75.73
254709104	76.41
655308632	22.52
887321259	59.92
599443800	82.61
135498633	71.77
265193973	83.17
886363185	78.97
878501368	36.47
137287851	74.48
413815680	42.92
867762396	70.24
110727125	85.82
816761338	22.75
403767429	25.87
580633070	27.14
636684957	82.57
411335036	45.6
368513378	33.42
453440212	54.46
867470132	59.0
210534505	74.82
483923456	27.34
305604669	82.43
124976295	77.53
250664516	46.81
102432805	48.5
859789108	51.0
808926606	80.48
491027711	71.54
316470127	34.89
130472209	49.93
437093186	71.26
589285289	86.82
674202615	73.24
657541307	83.03
591483468	78.99
329859648	55.81
145414610	68.54
638437713	61.49
889877362	66.75
104731051	72.67
864699982	43.98
641845646	63.07
741288970	61.49
872913081	53.21
139913377	83.87
606320231	65.16
685470575	50.69
183976184	42.06
567012613	26.09
783079958	53.58
471134737	32.06
331637110	66.21
869781222	39.53
510377278	48.96
217386027	83.11
422475987	65.13
458512989	89.41
113754512	85.07
323280493	53.01
690359378	72.82
212937322	53.72
207918340	53.98
381774750	20.06
188070627	33.81
413666761	50.81
648942034	26.47
646401222	64.15
637285267	27.26
714543363	62.47
608787133	61.22
107944551	52.06
458716796	88.33
196839384	41.48
727705089	38.02
410817601	62.98
237130740	89.01
138167372	78.21
225523484	22.43
641261338	37.09
744701724	69.71
836520690	86.23
550774636	21.57
290905376	44.75
682973379	32.7
775457444	59.64
780643177	61.63
673622444	68.67
540217342	37.01
507969657	55.88
199648693	61.05
324270652	39.94
206110043	87.59
834499755	78.61
104362326	45.47
432166597	32.99
627484506	47.33
805366553	82.96
867249090	53.83
259191211	22.33
599468423	48.86
545699029	32.81
208260790	88.58
248102822	83.3
716987138	86.79
369185512	70.66
205825273	73.61
561344807	26.61
106477949	32.76
773314827	87.38
426146803	79.41
683416306	25.94
762598462	38.13
377143327	53.75
443040606	28.44
314419894	62.53
302993714	46.43
600570079	51.46
305443704	52.15
663493371	79.39
769658256	83.16
508892717	43.87
306316664	86.13
565185823	35.2
131509141	31.55
768476825	42.01
251464027	38.1
227856544	22.88
249565269	81.32
430946715	80.72
161622556	66.64
418164053	48.7
816060622	80.43
603523283	62.77
442908851	53.15
587111581	76.21
112446200	29.51
783221196	64.38
391249962	33.66
116728333	36.82
854235214	56.71
116627323	54.74
457019527	52.9
859702949	85.25
274002800	42.34
736630054	29.41
276107105	62.87
443076544	22.44
766792801	61.01
256113076	49.53
650163380	43.21
691424361	61.13
849974634	48.87
720806095	62.12
450221237	89.28
425316014	48.9
102411132	60.35
449568942	35.05
169496514	57.15
638032390	50.82
121575314	78.39
256866124	21.9
680829224	73.42
158978299	86.51
698306346	48.41
727298970	40.56
761712856	74.94
159369020	79.92
222901025	43.33
552860459	76.51
330853458	79.11
818824099	27.42
479102784	47.42
681256817	73.11
453316996	29.51
650271828	77.8
437973735	78.41
364886441	67.26
668713159	74.33
144192686	32.18
183745543	40.26
106767251	23.48
452974384	52.99
645105730	35.1
611448038	82.51
586472706	80.86
876883688	64.83
617500929	89.1
463575036	87.35
675502460	64.07
119000914	39.77
796137103	21.18
854967883	60.26
423474203	83.61
830320619	27.51
498165855	43.95
754219861	47.93
715572047	29.0
654716804	86.53
787802757	86.07
428775757	87.59
384524693	59.13
661906915	68.9
864912812	21.88
466918616	67.09
754428999	85.2
854721306	60.98
359669295	75.18
521912372	66.98
170795610	20.88
675938123	87.64
112272776	40.22
581564273	72.07
498421988	55.49
200790688	27.57
749911254	87.58
594219623	75.92
686841482	33.36
813431110	39.12
723448761	61.59
781616331	45.34
203528570	28.38
478980617	45.63
333004702	46.72
399788994	44.73
665834073	26.73
489710384	67.71
533329278	83.61
421779089	35.89
875538468	55.17
327849884	54.67
769193629	40.21
161384361	89.38
434112302	84.72
221358916	52.04
867736991	88.63
331831173	54.53
647983010	81.4
333670298	79.93
107690817	26.91
898579495	26.66
417493891	52.9
294394509	20.32
369634972	87.93
439453546	49.16
162004831	30.95
131253677	77.66
710291949	67.39
362430254	79.21
705252973	37.21
733211046	49.7
578247961	25.01
499914051	65.62
663956155	27.84
256570264	89.0
609609320	78.15
708744934	67.39
753328501	78.91
473517774	49.06
753692521	27.2
588688712	75.17
544681044	20.3
403567566	45.98
810308441	71.54
539502098	73.8
532769575	62.36
165381851	42.0
144269335	70.48
405264337	42.67
607516253	47.21
137573349	62.96
549987810	68.17
192007762	84.37
127034526	36.67
247951557	60.63
187883695	29.11
316480800	83.22
555610957	21.08
148164080	88.11
856899782	70.47
316587503	51.19
580133607	57.73
120197733	21.45
680371916	22.46
879631272	38.97
384918629	83.52
493236229	71.6
577902860	34.39
550914013	74.22
185321595	33.24
804476841	25.56
677324180	45.08
531511686	26.63
314083567	65.48
441122104	39.16
830490905	59.93
837648469	75.96
394154635	48.3
485236777	68.08
828850246	62.58
509493066	58.43
365583687	36.41
205698930	56.23
447820158	33.51
820559308	50.3
178490544	77.26
700531163	69.64
309519944	76.64
406675506	51.69
748981704	77.72
201114169	49.49
195632001	35.29
200633051	57.9
208278381	56.49
562361791	54.74
847170316	25.63
798760741	86.01
759321290	49.99
332649925	46.68
567030082	35.89
530625076	45.73
560729984	57.45
411897949	40.15
548098896	77.62
777345373	56.84
730877341	78.0
581083641	80.86
157813872	83.24
203527093	41.47
777219161	44.16
218281149	32.28
447251047	42.78
141073345	49.52
339495671	55.44
608526178	21.83
738105551	71.38
250286784	71.59
182833688	24.22
291730030	81.22
157935641	70.29
372448134	40.49
803904602	71.15
666948037	46.87
357657452	34.69
859062955	53.61
485606196	79.59
892724564	73.27
861655286	62.9
677501852	48.47
380117660	53.24
414342942	58.92
257269111	64.99
232498461	25.6
194218291	85.09
119771229	64.65
455678677	82.2
469334616	29.35
143338392	36.76
197300916	65.84
258210159	30.4
755111535	44.2
260258683	61.55
654590811	88.3
151504311	63.95
544126304	75.53
637771272	74.31
898427479	40.56
332014683	61.03
700409429	72.21
588308163	59.81
477278796	34.4
872808407	33.64
145934449	87.25
260122347	89.51
202714336	84.23
461861588	79.18
626936800	23.98
136076522	76.77
143910671	20.52
283806952	65.85
167561710	31.73
224613810	31.7
753823861	85.9
579461202	65.21
780128989	48.81
362385864	54.09
806092775	39.3
140572818	74.52
169917766	58.23
321432762	22.78
246214415	24.05
186672872	64.76
571731932	22.57
535386561	71.08
665673059	60.57
514274772	63.63
819642842	71.08
186823133	45.43
479734662	72.49
642322252	35.06
820046070	54.7
697394650	88.54
528651050	33.74
837119332	52.85
515834400	42.81
361842371	43.13
115578771	85.28
810808074	39.18
797233275	47.43
797154110	51.08
229616767	79.48
250664811	30.73
232515542	62.31
668888237	70.78
562499072	32.88
418318049	88.2
504992467	66.27
133137702	64.85
696807638	43.73
220990171	25.73
143634142	38.6
447403483	64.5
543298168	63.99
612212137	24.07
878383351	44.48
546927024	69.93
130494013	43.8
762244163	27.8
102170262	85.84
439523481	32.43
293069208	24.53
470629666	35.63
324687451	82.71
830286259	85.84
484448157	39.68
661044430	85.93
858683974	55.15
334270697	70.78
312898481	45.34
714338542	58.29
599130247	24.34
661459866	77.61
384663530	38.25
719366017	26.49
392957666	38.24
334606827	55.13
845291492	73.38
690165902	51.89
283310372	86.54
614854961	83.64
822021448	36.11
371816997	70.64
778109679	59.68
716612474	66.78
307880532	78.68
521625269	53.16
158397780	85.66
274441274	89.06
207882009	35.67
534196317	85.6
649891837	52.36
698858517	73.09
151730138	51.57
824257361	73.79
853988830	28.8
185787328	59.89
316408702	61.58
874718868	28.56
677922323	39.7
779045579	56.37
720233192	73.76
472948338	63.57
386018399	56.57
729205531	71.37
891514812	61.38
278578903	70.07
325353553	33.36
712140110	82.21
367442504	48.38
296764724	60.46
727487538	47.55
601383552	79.43
308380636	63.81
820070569	63.88
163947407	43.65
829221713	20.55
577000271	81.57
404246654	37.84
883683636	73.73
893149442	68.37
723119460	45.91
544213942	29.53
169592823	87.76
833139540	88.45
680692562	84.53
693562703	40.92
547763239	33.87
251269726	80.69
764855168	35.2
737733033	89.13
821582717	80.26
690815642	51.19
715716219	25.8
336200736	88.87
227814838	43.78
389200311	50.06
890259568	88.4
704700019	48.68
274857544	37.28
864784412	42.91
839290417	33.58
756583598	34.64
676896694	46.23
602506586	30.46
401488878	60.87
877132567	68.98
442685393	61.86
576405234	54.8
284680371	67.06
505495934	80.17
760822291	21.21
106770034	70.53
388917061	20.35
703678339	30.26
433774211	47.33
636730925	26.74
254136358	27.63
743857863	34.31
382902459	32.04
445333974	48.33
322476296	59.99
372720143	30.07
311609862	29.29
660319943	36.45
793208707	21.29
329304077	59.45
707249180	37.92
290956047	81.12
550244896	87.11
517484272	68.25
611844982	52.95
321716631	23.01
273839399	89.83
175915490	53.84
413673581	77.33
126285118	68.63
214418301	31.07
320111151	79.47
272772999	84.01
608699989	33.31
875416103	34.07
776005319	83.61
827127293	73.14
638970972	64.12
204360696	67.86
550423797	42.38
226927598	38.39
407079423	46.72
409092799	33.68
764914634	71.6
391601656	53.58
853842916	35.08
691155039	50.25
528079329	20.22
225026733	21.88
195951261	57.99
423748723	36.36
147402641	66.84
320257846	47.65
407227041	53.69
661445871	41.09
400944813	55.34
619785308	89.23
810237117	85.67
318758437	89.69
767601302	48.7
327264585	30.86
569194448	60.31
465793912	34.1
426158607	84.41
585215704	58.62
818238681	37.26
405818565	82.34
897250462	23.86
128720024	27.12
175693466	73.82
174655651	21.94
797741842	44.06
380745391	30.99
734564607	55.93
888827351	70.57
546080813	88.42
458518344	49.51
654219305	66.2
314743877	20.68
541580294	79.1
253584300	56.3
434417363	44.8
716104803	26.31
332307439	64.49
137615644	43.77
794976899	48.25
330813649	56.72
380857032	85.01
886136212	21.7
839086106	72.39
623152391	34.73
432074597	70.4
874939473	30.05
371133663	71.3
636498911	71.7
873419931	28.93
471341115	79.82
311505065	60.27
878019972	65.32
394921149	66.49
867271576	82.71
400238555	27.86
653340760	78.63
483631772	80.44
243141630	49.27
303191523	88.21
785798149	48.36
111807102	33.01
133108624	74.02
102702857	21.96
106202613	75.72
512522135	81.69
534010940	29.35
424331751	83.14
420348402	39.83
599460978	27.65
566738347	30.77
862073288	37.99
604852472	49.46
510007760	60.74
584649145	89.57
209279734	77.13
653658600	88.71
744549685	67.23
105805735	54.11
154522487	81.91
357695347	31.19
836720031	59.9
742990813	61.31
775446353	59.16
712225653	71.86
532144886	43.93
828323158	21.86
898208136	53.11
521561240	28.61
231936440	46.64
653788585	75.68
639706591	65.02
284698210	85.38
786012900	55.76
707830656	50.72
734323602	48.44
865015175	78.17
305600307	55.46
524350119	36.15
873448047	86.36
324236620	39.32
683165130	34.52
755552837	32.2
813729658	85.04
269831340	27.99
756435481	60.46
363476292	50.05
800300550	72.59
301200922	75.16
261240342	23.59
414212758	52.94
655456418	48.47
877134312	25.24
747905620	58.75
355229853	31.18
665419631	89.05
183388160	43.37
803367040	23.76
372846117	61.29
702807321	26.89
429100598	42.84
668188219	43.24
711134575	48.99
387249558	26.88
556179391	83.53
179220586	31.28
426655648	57.81
642663707	41.43
764570189	82.07
894944309	53.16
579829945	78.38
472612901	28.08
341964711	63.84
551575931	42.06
189788894	68.51
618373475	35.55
199057009	82.16
828326888	72.71
841770374	55.84
385440723	45.75
492212296	63.28
827067720	42.21
247542402	32.64
690944704	60.98
571126462	69.97
545207687	56.64
842305193	71.13
538725818	48.81
114257131	51.65
719293093	51.41
746342904	51.95
179867187	24.69
896503357	53.84
487105536	57.1
118361853	41.87
837779758	31.13
641328193	71.2
146456347	58.1
168731299	59.31
660367836	52.4
473817550	44.09
312107151	80.23
514250296	20.17
849036862	38.05
731687485	33.87
582082155	62.19
149613729	61.73
859252787	75.24
874615559	81.59
272770956	65.84
508203466	65.83
719977407	49.63
570455533	80.72
866001593	72.6
164869519	31.78
763965110	69.53
585544452	24.46
772038461	56.39
853231070	75.28
767018153	74.49
696319776	38.55
175398109	31.68
249368781	27.59
625628701	44.49
744035650	45.62
536085388	54.19
717244223	38.5
460807290	20.64
340849028	51.84
425720367	88.73
445917743	69.66
585253799	51.02
238913093	59.37
406922898	25.44
335086158	24.2
482787305	31.03
888029725	70.52
392166756	62.61
267924796	42.07
197357350	38.64
487685445	57.38
262362897	68.6
218228680	60.69
698337728	60.18
593622755	65.51
352506820	35.36
821410326	70.05
320873771	84.13
887644030	51.58
784435464	74.01
304953958	81.16
239862439	29.9
135637517	88.81
743748780	42.06
206546865	42.12
882297090	74.83
496565960	59.25
808835224	74.67
866434352	63.78
610014401	81.13
397188414	48.26
623273258	64.63
682536108	58.23
838274617	62.8
661950920	64.93
838592685	42.52
546870074	28.8
304629157	40.14
777834816	70.59
837839564	34.2
376596751	77.29
465426846	29.64
102635687	62.83
740509714	25.24
496014736	64.61
720525172	71.62
478943072	26.62
227992195	59.45
546304389	84.73
699181715	25.49
646857393	22.72
657324285	22.91
227328717	25.15
126419032	61.3
143545713	74.36
704508239	58.07
594232865	81.15
726929348	34.76
797970655	54.52
354440545	51.4
853702643	55.3
840179348	32.06
843172441	59.72
237398084	63.05
488329177	25.49
404904029	55.31
738206801	68.69
660659018	62.03
385050421	84.51
516289176	43.23
174093827	87.52
678216353	25.98
164308466	56.65
355610402	25.58
449706333	82.8
853963266	51.79
813742844	89.06
444066108	24.42
270266500	55.47
176178674	83.24
433103232	89.11
694531430	41.62
163775803	48.23
507083524	88.99
787625231	86.19
612259877	47.4
140098889	51.47
777158800	61.21
786888564	22.91
787471567	57.58
725129860	31.83
233737940	56.11
237636053	60.77
749634216	46.67
578137877	78.77
351942817	22.43
640645777	78.47
386968194	36.48
732564098	25.23
223756499	32.4
293303363	74.43
719580499	51.59
658505158	38.68
550227965	34.75
521574038	41.21
220542202	40.38
436602967	61.96
372741484	72.59
705245306	87.63
699842995	59.2
545263358	58.96
822849568	75.86
780816673	65.01
330193912	45.89
816225588	37.42
898783515	79.99
847025573	81.06
258642087	34.8
253213110	43.41
785650932	45.44
820750046	50.19
417325729	68.18
238454643	20.56
748538903	55.49
497218896	79.33
814478054	82.44
774082574	73.23
164187633	80.76
470370643	68.62
515522543	86.49
699994351	74.99
818093924	61.79
664472806	39.33
894733714	52.9
326649112	87.58
323617639	47.47
252726604	28.95
844597429	40.99
736821235	72.08
553016442	53.63
159517843	45.9
620619838	30.99
214948240	89.24
316395964	26.7
690920603	72.5
685363995	42.55
682320287	55.28
685129660	80.04
219984518	75.87
416054771	65.64
620724347	31.36
417331438	80.69
143847756	41.98
245840031	36.91
655049214	43.73
778360298	26.53
782186466	30.23
214907729	61.34
595052578	36.72
442003950	83.32
276053151	83.48
230870554	61.16
453861482	29.66
353634322	69.2
479405388	82.94
584591259	41.37
312548505	58.31
116942337	61.58
832992016	25.89
746074291	89.75
260620052	75.06
215147381	24.29
452290585	43.06
616545886	64.39
767768646	59.69
377617805	24.38
666712063	89.85
367846396	58.11
753278040	59.54
478719301	79.83
526066938	67.44
254095300	35.08
621004545	82.78
381165602	32.79
837609437	55.71
474891492	86.31
176103635	76.21
170753632	65.23
411750981	54.36
775251514	49.46
589241662	50.57
322365531	66.57
784280150	78.7
609711673	21.75
648941548	39.6
212500319	79.62
648900229	84.13
325287341	39.32
504201139	56.82
394818460	51.39
128248843	76.85
120290022	48.31
393077271	58.14
635409355	64.06
284476641	39.36
121684641	46.83
316882883	39.52
565413522	40.7
770178987	21.18
720104893	59.0
330305995	35.8
216420844	67.32
589113717	66.76
483180540	31.94
585428438	40.71
700981110	42.57
171916268	68.85
587867307	55.82
681455793	43.34
425420705	66.83
291654606	46.38
430503176	31.49
470991357	47.88
186823812	57.19
661598696	43.6
290462080	82.08
292531609	43.75
558544096	74.6
604444883	43.75
432820061	62.24
143798189	40.44
294558337	58.78
183432169	42.86
152679440	44.81
767600556	20.65
786281543	22.62
494471827	50.66
619150323	32.36
698106903	52.82
649504741	51.04
398473750	43.84
400727530	25.95
145779628	57.5
767188261	31.48
347430649	34.73
450612365	22.87
156111589	31.64
291451267	72.17
168215568	72.34
122993582	41.85
270163888	38.91
710146651	88.81
603734167	88.82
157685096	54.31
282121559	56.49
140164152	84.29
622537005	52.94
260996939	72.45
372290471	87.16
703926697	76.35
828345818	79.23
422685779	68.62
571445658	35.64
582560909	47.96
628512895	40.91
334018150	27.35
837946335	76.65
399852100	22.16
262999743	76.64
436511212	38.32
700762830	31.21
333246862	83.21
852334880	46.1
576459959	88.06
888721991	88.35
778957980	57.27
439945217	51.41
391623684	35.46
265150162	62.89
339542135	55.47
149492305	31.81
577217785	56.98
841131047	59.53
474903913	70.83
445949165	20.62
784716511	47.26
299030708	80.29
803026946	57.97
670167491	42.52
163074722	88.82
135519000	72.2
845141193	76.41
388954451	79.0
561524484	61.58
349000929	38.94
895763681	76.23
153613817	22.83
299239984	84.51
193945495	77.18
777362787	86.32
388532102	41.67
279584568	84.11
887780153	45.22
760422158	68.18
449385975	56.97
657300133	77.34
244918864	49.35
453322253	41.85
203711035	26.12
251232948	82.46
265136285	84.33
387791606	46.5
349095097	31.35
418141078	83.21
451910663	47.08
722702002	36.86
378106049	36.82
676103826	39.07
800223081	62.8
451753063	53.25
355305183	74.97
480226969	23.89
450493368	24.88
399731697	56.23
266622725	42.68
210304964	88.09
851583885	71.7
468750826	31.68
220660730	55.87
304557332	68.32
518668504	20.28
710231155	31.61
355238531	24.02
865044593	24.1
117613320	86.19
620157420	40.83
851985423	25.35
311099287	34.41
329184804	36.84
548375276	77.88
653304529	76.65
704251973	38.36
400263245	45.18
474696325	64.28
530524068	87.31
756625391	50.53
386944132	53.31
629136107	70.79
169034150	22.52
217866861	57.87
327312269	26.45
564919618	70.14
263853056	32.25
222719549	36.88
478862176	57.36
304785886	57.81
132575850	39.87
613714965	40.57
293863094	44.43
530887223	57.32
379329590	57.25
509791671	50.22
449369334	55.38
467683425	77.38
193389010	22.21
773484945	72.14
624129020	72.98
728390972	60.97
364965695	66.88
600398372	89.93
149217203	32.1
668916203	68.1
218846043	74.1
277358460	85.82
513220555	73.74
301648299	67.53
491656048	80.0
375564534	40.23
774207684	35.93
583690966	65.48
806246886	29.81
145895034	79.66
192258341	80.72
391343865	86.48
882895788	47.09
646181354	82.33
305126157	34.19
897364152	77.25
210017194	30.25
337854039	23.03
782883699	58.73
779399062	30.41
733855894	22.01
780356755	58.74
140430710	24.18
136481466	35.33
804931572	33.53
776212547	86.64
827347533	89.3
855424432	55.07
375008718	86.06
190973379	53.14
153043369	59.23
428943675	26.9
679816448	82.91
156064046	77.34
276373666	57.93
596810618	39.08
589775731	31.79
794113315	72.8
167434959	62.26
105511356	30.52
573637823	64.7
149921341	29.22
165047548	74.47
260475227	81.85
368364439	81.49
126203316	61.49
708389089	73.73
166382822	83.58
307806423	37.1
366557961	54.8
653442244	48.91
244024376	44.95
654016559	63.18
732712102	78.85
476492532	57.13
817291701	25.62
847443589	44.17
749246976	81.14
386943346	22.35
758009709	48.5
477154055	31.26
593768032	81.01
480673929	87.44
449190204	20.07
479342466	27.18
821380947	67.16
735075076	22.88
159078651	70.96
320435217	75.67
810341910	70.54
361943113	27.97
297390329	61.67
530404709	74.96
660852574	35.9
368394620	34.9
337164305	24.75
712271037	69.5
544257644	45.62
446388455	46.05
380211733	85.23
348729158	62.94
388268865	25.41
895851756	68.56
509604924	45.56
270630844	46.57
473973470	29.31
523866812	36.08
862504046	51.98
251548382	47.9
840418627	60.45
844572765	88.01
290778136	57.16
638248481	36.07
884519777	73.68
284698682	57.21
853209763	51.02
655588576	68.19
406026020	23.46
137487186	75.06
639977525	23.16
564864390	71.79
576780874	73.61
787362256	32.46
352082316	67.06
617787429	78.69
480950735	63.98
739225592	30.85
417971889	27.32
613357738	68.51
355386909	73.09
251940119	29.75
790085490	81.32
154389606	85.94
645457840	59.08
147871955	38.36
448675793	80.03
181812208	33.21
287810419	45.32
256077076	59.91
448321357	82.85
402566925	42.49
639151656	87.09
122393260	87.63
594208940	47.71
209857699	69.41
308205777	33.23
153005121	48.95
768326753	45.66
684028357	47.69
347938411	31.67
342889564	76.7
664149513	34.81
837452408	88.37
760667080	30.21
452816364	60.98
270831764	56.51
632782450	89.16
264007861	79.15
215977167	48.31
667776480	84.22
431877969	60.25
726017334	28.28
771238677	86.03
487276073	64.69
469257068	65.76
218239572	76.02
865306904	30.33
840002453	85.23
612624516	54.64
146462880	74.13
846584450	55.9
445747251	77.54
675604685	82.7
435117948	68.8
191616928	63.89
673638656	41.1
420329866	77.94
505878221	33.76
521305691	82.06
586124293	45.14
678934968	77.62
158106471	49.68
508022326	80.42
528407008	52.33
897437405	55.65
225195038	68.36
130154382	32.94
495275894	26.09
782449811	43.79
826234476	74.75
525819858	70.69
802920821	88.83
280760085	79.29
775468296	57.41
271174076	88.75
414280455	43.52
665278447	54.79
668045515	76.6
743216886	61.69
795428268	65.56
464225513	47.38
565370088	75.91
294501187	83.87
706838913	84.12
330473699	30.32
107488280	37.47
742417986	20.03
158334576	55.67
406457243	83.98
373067129	52.36
234668008	69.04
883261170	83.0
391988478	73.26
442720692	41.6
438330313	85.98
461774706	85.12
247768764	70.09
438836776	66.97
582016962	74.12
697615697	44.82
243339804	69.5
155202900	71.44
762466902	87.15
651336457	45.14
158990469	35.14
532450269	38.32
271551777	22.33
660715404	73.47
479319070	26.11
840917808	43.9
538489824	21.09
515310748	68.43
394284469	70.79
154975961	67.69
727695503	71.04
895526052	61.48
276701975	88.68
685849595	71.8
767282035	26.75
340023589	85.55
466633943	22.93
115929343	25.68
711890420	45.99
211895634	84.46
807834198	59.13
401857610	35.49
203899364	78.58
185698646	43.16
723265673	57.22
838974894	46.56
612736334	31.25
730271917	25.62
195946922	42.88
307668937	58.1
459836933	55.2
643301908	53.1
182350127	69.35
681894985	49.82
495148599	31.97
840734291	55.47
630171494	77.26
844020081	73.33
607274499	65.1
176982979	67.54
715482818	76.19
512723442	51.97
282580728	38.9
302767226	87.26
844279177	47.52
167139694	41.78
169844043	49.6
736871205	51.38
740023172	74.84
202576789	73.14
672113887	26.97
555931776	46.39
209923446	54.39
541929361	65.36
663650361	51.14
549663362	29.5
249789615	67.92
895045529	79.36
360689791	20.92
470248799	88.82
358943054	41.09
688115961	56.84
268664230	88.93
722835567	29.35
393232966	60.5
275830614	82.48
383370173	21.25
201232129	52.13
106531759	75.33
511905838	83.61
854503616	69.76
680775095	44.81
798111929	38.59
655436653	68.45
337048019	23.54
215846332	79.61
534047845	75.26
659744013	25.31
779208006	53.81
745748906	73.77
419890420	73.39
577582417	51.84
742821133	62.29
632491123	48.65
789807052	80.11
486378835	50.9
133745287	36.09
674247239	82.13
170785016	75.4
433039361	52.35
655055113	49.53
681007889	51.6
120614914	72.35
623844422	42.7
669951038	81.0
200531518	41.4
626712813	74.86
392565790	39.27
620910185	71.5
692595552	48.28
424611958	49.39
744244693	67.61
195055581	30.64
700237681	72.67
885102819	74.1
616865097	33.08
353152495	68.54
776087961	44.54
167124038	59.35
279691866	39.16
326951547	38.61
598552797	35.1
575144654	66.65
462437251	35.8
211539659	56.08
217091819	37.25
197001683	41.39
491967297	33.48
229167967	24.19
644814561	52.74
638546893	22.61
298546963	42.67
205001258	24.65
606485265	22.66
180633261	70.6
346164848	43.57
601973558	66.12
409193865	43.73
610905106	50.41
890018633	81.29
513794964	38.73
550807502	64.62
395457294	50.64
447564272	77.76
534833669	52.38
408516663	82.82
759452581	89.07
517901938	20.42
247475419	69.57
581541220	39.18
338709979	59.12
257161852	39.97
723976152	84.79
887698550	22.76
596365625	40.76
824544976	32.55
638234902	56.12
196894283	58.59
342065858	67.91
429077137	73.07
649199681	85.08
354428163	34.16
362265049	54.96
492968033	79.93
283941300	20.47
458421522	37.6
804292841	81.76
282047396	23.19
645230590	21.62
780460302	87.26
228753339	76.73
418294320	62.06
143186014	84.95
486439561	26.34
705227316	34.79
334228516	47.46
138982544	61.09
484423412	74.4
658737812	41.38
774269761	32.49
115706922	42.94
635045121	74.45
525388743	68.13
557888452	88.48
310146661	40.52
280259955	23.31
570252634	46.8
307813852	63.5
668230395	86.1
891860611	62.81
757373071	78.92
449619821	47.53
452171313	27.26
266113511	85.32
638921186	27.51
356108141	31.83
254809484	33.19
526862590	54.5
264454567	87.81
387267550	44.92
647663386	46.27
505131955	55.91
686947949	58.94
798293903	22.7
233208530	64.99
814302222	33.26
413978317	81.57
779147226	76.31
165589077	65.29
643616610	22.89
801787778	82.25
545871479	87.77
854687305	24.18
884048548	50.2
472171697	79.17
560422414	33.46
839964810	35.64
835855485	79.79
694157154	79.28
585959427	80.66
625840515	33.72
703155193	60.33
252678277	70.55
813120445	22.59
307156448	61.36
494051713	36.97
767026808	69.43
446557676	41.66
434472741	61.34
661737067	63.84
859920447	81.95
137617343	82.6
383239299	50.9
864620299	64.77
270457000	52.14
361015613	52.19
226268281	27.15
860706193	62.58
513928632	21.02
557042284	87.28
467227482	76.5
723815640	43.53
765174977	30.58
665611603	65.55
527881451	34.58
682481686	29.83
746710848	62.92
817535723	49.65
479401748	35.84
495164037	77.98
166086243	46.52
876151382	53.97
173512010	71.62
754271135	61.89
286929961	60.75
444798807	68.77
407639177	20.6
696235373	53.75
679981984	77.0
785503636	31.0
156409916	71.0
219361744	66.02
152423159	72.56
732678142	40.26
428169843	87.67
824184702	39.75
375372986	63.18
253604009	27.96
159324238	57.5
801819481	83.81
460980493	79.99
771040638	67.0
431549951	36.38
165222638	72.71
247715729	88.63
239996922	83.64
588930939	53.25
435008155	43.21
869553681	70.72
873673816	26.9
278213612	36.1
374600978	37.19
428445022	51.47
888063557	82.46
408940857	43.02
502073510	86.19
250101675	82.27
185125718	65.73
601680414	34.34
735917501	42.19
260601701	30.13
550641926	69.37
563397223	31.93
737757085	24.29
280727725	65.11
529256701	33.3
515393109	33.78
498380840	22.99
569718312	58.51
728593345	67.29
244227978	74.65
765182704	71.09
176847433	34.49
838997405	38.71
628806351	54.19
745810877	82.72
597787631	30.07
673799431	74.61
615594758	86.08
434641891	43.61
556662224	86.28
147237034	27.43
506739488	88.25
208059732	46.4
507512295	45.23
112557594	21.54
664403236	23.05
846645643	75.7
376898728	44.32
325769619	48.8
702629054	22.96
837351211	86.81
399649682	69.86
574801940	28.92
404295417	54.67
236446662	42.58
677588877	24.36
214805969	67.27
250753081	75.07
198803633	81.54
504366806	68.5
626819664	72.76
316412380	83.5
478526860	64.68
706669637	59.96
316613708	52.56
663635114	67.53
425207151	59.02
582152629	52.31
602657846	88.77
392106798	24.56
476436268	51.94
810108530	56.72
194970236	72.14
593518875	42.94
345168244	80.92
409267973	84.3
199616588	81.09
357346882	53.75
447555863	45.74
204772181	74.56
663814008	74.39
884904629	84.75
265677414	74.01
422918567	88.8
878835890	44.54
538216880	58.65
657869035	33.23
553517850	70.54
582477235	20.77
853075856	47.0
609086772	55.51
806627775	54.02
211693589	41.83
873422979	81.83
238408559	28.27
506007275	41.66
454286375	43.57
554357719	21.9
873739141	87.28
131328975	83.45
417633047	34.66
540443224	39.34
896635838	20.07
328145915	23.5
565483663	49.73
220351421	88.61
598248334	32.09
335274038	82.8
126725759	24.4
519461909	39.2
575245315	44.22
506316643	89.05
897252706	24.49
100266671	42.14
830960609	47.17
861216469	67.33
722137794	26.79
480050927	36.85
569427918	55.76
736161571	50.34
349921716	69.11
181654157	26.99
175644987	31.94
464504912	28.42
826468919	57.39
266551746	29.15
416279416	82.19
110248692	58.52
800979019	57.12
736421579	77.81
881010426	34.65
752521851	48.93
600392852	71.69
138798925	42.33
286702254	22.05
786953888	84.47
616128908	48.46
517895558	74.1
734310265	60.02
438944144	86.12
820403591	47.92
482810187	78.14
168281698	37.57
439254298	50.02
448169302	21.3
771526517	50.89
158875760	75.05
488283337	78.99
215696964	27.53
142336937	44.49
827643739	20.19
712514757	43.59
125508173	60.9
384004161	60.49
482462173	39.78
345989177	32.83
572402314	27.27
517449315	51.07
667436205	72.76
823266539	53.35
243120421	89.91
487414411	39.74
517261351	54.42
445283125	48.14
481776732	20.98
657289514	54.63
544298375	29.07
284968866	72.64
134267280	65.37
452629253	82.01
251663302	47.71
168759910	82.24
844029390	77.67
818473809	62.17
178913469	40.92
486717646	20.88
872076817	24.68
472885150	34.61
115456536	22.63
848258897	67.3
310885296	46.64
588488895	76.75
883842909	20.09
451238664	22.84
361323219	32.78
612198316	85.08
195748615	75.61
182840680	67.26
232764667	41.41
631851069	42.4
491408186	27.05
413380782	78.35
292769501	84.08
489034864	78.48
301273520	89.59
748357604	35.23
251901901	51.64
461046386	57.19
470514240	46.19
490237372	42.76
811923026	59.64
680264849	66.76
761993552	45.02
787370966	35.28
867448326	46.08
371567441	63.75
607359340	39.5
385460029	26.7
549124799	73.26
642121805	75.12
372139708	47.13
123531219	71.46
786284846	39.86
166803692	56.71
687515592	52.98
307570821	47.55
515162171	36.54
813814040	66.89
378724863	65.5
230303550	38.63
153959843	21.89
349721864	55.96
104500952	22.13
505760897	21.35
640022267	65.62
557489844	25.19
472261174	60.07
139105452	40.4
834302561	57.92
273578079	41.65
214853118	24.59
648168645	33.68
373049603	66.48
806026590	69.82
418429539	72.9
174506915	56.56
145790022	61.9
186486204	54.27
781131318	85.09
834061999	68.99
695098173	21.44
108710645	47.52
771840992	75.54
755284645	21.44
457350872	35.73
464655484	34.41
699879873	59.77
506821414	72.42
525246516	44.14
432362284	85.96
170801166	26.4
617873395	44.99
447900489	83.86
471643554	22.48
333277653	22.38
343384803	25.9
612499449	42.01
524064324	23.06
312722589	53.75
412433055	83.14
597224636	55.45
753834521	31.96
606403876	50.55
861302184	77.79
525485110	81.01
655185329	59.16
244344235	43.93
457791119	71.38
328600029	30.43
289185514	44.25
666410332	34.46
565198362	44.19
159450883	27.31
393844864	71.75
355491992	47.18
308157977	75.06
237983466	59.67
715257406	57.49
170370734	34.36
713612111	84.41
436093895	30.09
416182296	75.63
756702058	23.16
805110244	68.02
130979129	32.48
688172779	87.77
303509317	38.8
605699138	47.51
457189330	76.52
872404871	52.69
821226305	39.17
301802636	69.57
649010758	52.93
302017881	53.26
406982565	47.12
264203779	64.09
263151207	44.25
418076024	60.71
386924984	28.09
473316071	44.44
195268974	74.93
757269877	29.54
112326349	48.26
504509186	38.4
862282496	69.6
635578268	68.99
310837382	64.11
293128407	67.69
144732840	34.99
638897534	62.62
625432733	67.65
773847235	57.7
155266683	29.74
613257602	31.46
709573366	55.66
200578929	65.26
593815376	29.55
516338895	32.01
547958964	85.55
727388903	56.45
620475123	73.5
628768728	83.14
594544890	48.72
474567582	68.51
174841516	68.85
622865082	86.3
567254020	63.53
651298321	77.22
462203559	80.27
214701315	60.46
217052041	77.27
306856282	46.49
128486980	83.9
418661844	83.98
696560932	50.81
509858761	80.19
858708782	69.94
293780421	36.22
492756603	48.98
364747807	82.09
801977116	31.81
779255545	37.17
166402891	22.25
579990495	61.31
710199731	44.66
888293962	88.15
192001496	41.55
467673224	60.75
802512158	32.29
519157801	43.86
366140589	40.35
288253084	80.54
195350326	66.95
607076630	23.08
232675457	88.12
133272629	44.07
642664350	57.86
153160319	47.42
297594100	68.05
437965982	47.92
750742951	63.77
606371897	72.18
285029682	41.57
355717417	23.86
880840976	84.8
436454827	47.06
109417510	21.8
105935146	27.08
262643201	78.49
343389610	32.77
456335312	85.74
710623430	69.5
612564694	66.4
870242541	67.94
853117191	23.82
829736477	66.35
759385564	26.52
283687493	56.69
868501109	45.36
567117637	48.71
424878724	59.03
121739957	80.61
878198346	67.95
448096118	71.78
500183625	84.4
516957255	60.51
506887582	48.24
657509574	56.21
602955883	45.55
445512701	89.42
540363503	54.78
154668871	77.2
849898323	25.64
800144802	59.21
886504567	80.09
436369570	70.0
579821946	55.55
232235375	68.77
306096343	79.87
653715293	52.12
254893509	38.0
252644657	58.78
167231475	70.87
751865406	71.56
399861137	43.45
383032674	34.11
185748822	26.62
418728585	35.65
433234701	72.59
536934919	70.64
801609030	75.74
535718386	59.11
159932300	31.31
358777302	83.16
549700926	75.85
759936751	62.19
461569080	60.94
168304729	74.73
453789642	41.29
229878280	30.26
344356638	83.14
621132467	30.35
105913615	48.27
644182457	83.85
271503757	22.4
186347032	30.28
314920643	38.74
891469490	44.64
150831094	46.63
815555964	50.87
861126434	62.01
537976518	48.9
726640363	75.29
404182443	71.9
359683918	29.77
539325915	52.47
149033351	49.79
721376731	62.05
183317616	78.95
203069509	54.84
327454772	81.32
283993697	82.09
604490269	32.79
366643234	81.35
641042557	53.86
412016346	80.04
795593784	54.02
599161212	72.37
607674382	58.2
168037904	29.13
739440947	87.77
742959274	60.25
276537749	70.38
895424812	61.03
192594305	22.48
531596425	37.88
105408249	26.75
751640097	83.75
328462295	29.44
671211677	32.92
895693578	49.36
736487910	34.63
762129935	41.16
598640553	77.8
497517993	54.83
553930898	63.19
759766172	83.55
486494051	46.99
559040140	22.16
550159538	35.44
380012378	83.87
228202587	68.3
485733932	74.15
465402105	74.47
848794276	50.37
164904381	41.69
182840533	53.32
592125620	63.28
372407251	57.87
894631081	45.67
725989868	34.24
580707719	79.38
221964067	57.63
530569268	70.03
441956095	73.91
315941176	46.02
106652346	39.17
559986522	79.69
642071650	41.14
288741358	38.86
748964598	75.07
441978696	42.01
846817003	40.28
791255894	74.14
700698430	69.23
123230114	33.01
429950174	68.13
321679440	74.81
471744952	29.74
275808994	88.6
220217400	50.54
646289486	29.32
864433614	73.44
132780135	62.57
350669035	71.24
426058121	33.06
872001761	77.73
622351546	57.88
143947621	24.67
190589896	55.28
152592889	64.1
635732244	63.13
710738856	25.98
775526702	58.0
704462718	66.86
152129064	25.44
562375036	41.05
439568168	75.54
599140166	20.7
168192126	89.67
502120994	70.26
646546857	87.85
214514027	88.88
343066080	50.58
473530044	28.6
616262072	64.3
896480374	21.31
834033624	25.84
705523787	51.34
305768332	40.48
739439756	39.5
238019882	46.37
730023624	57.09
240059098	68.8
530845397	61.26
549206222	41.68
249630395	88.31
404852007	48.02
487181489	47.18
426641979	49.03
351397170	36.24
811669268	84.24
556959730	22.67
890976878	65.77
486368695	82.47
585991586	67.39
329845226	36.77
122497424	47.24
609215210	74.98
129726941	45.14
274890949	35.77
629164867	32.93
815697524	86.43
494271704	49.9
364513133	58.59
724165699	59.59
741215842	87.41
509253449	24.65
657109536	42.35
362270134	56.55
305591751	57.38
421951069	45.53
371575546	40.46
717496730	54.74
759171651	51.9
205797027	70.04
426254955	46.61
236814402	56.7
665175944	54.19
794083160	51.93
798867935	63.72
845386389	55.66
767049480	56.15
215633756	47.24
676364922	33.27
889040169	50.67
310164994	21.07
557263148	70.6
254319623	25.86
375301408	79.09
163035432	71.96
116831243	70.61
750943700	68.07
859171636	33.6
858012158	63.63
357083380	39.93
853483338	88.17
647627008	59.58
212215976	35.07
243200506	29.41
664035299	53.56
655506126	40.6
369005656	40.31
484865697	83.07
347897062	22.4
208963362	42.45
747037731	86.39
295611113	71.36
531530254	42.63
275354497	59.93
112995894	47.49
265525273	27.39
652487549	71.55
797125219	26.91
438886454	22.23
243266946	32.29
335878639	78.21
318251001	45.3
107183411	36.49
467376512	31.86
453261967	86.95
458976704	66.45
133160463	22.57
846567977	74.21
899146443	61.57
541841156	42.52
429693161	81.88
403598238	88.64
183454033	85.29
748833387	56.27
351578833	40.26
394507402	83.97
835863436	43.86
242740707	81.39
441524180	76.71
435091648	32.19
352812158	75.76
459411879	61.37
540440763	85.09
173125440	54.12
794534786	37.41
628979652	44.88
405124848	20.6
400769403	53.45
423817431	26.5
255871239	36.8
421691981	68.02
858760387	23.61
574132430	32.79
288633334	64.59
594015057	54.87
742822152	50.46
803485036	55.08
636262312	62.12
578649993	30.24
462492672	41.02
797728202	75.83
806337029	59.98
199639770	89.18
642498625	45.48
571455981	39.11
890115360	44.91
210922769	75.45
535012973	42.47
388914648	23.33
620454847	60.7
197745476	40.1
644854605	88.9
742532138	66.59
595212813	47.83
815242438	29.69
436327808	22.51
781029023	89.63
762855358	60.47
532569472	36.86
584299263	73.89
454464361	32.08
482641769	25.03
623931779	31.25
331310573	78.73
430018011	65.48
268231850	39.82
443231895	46.8
618896650	60.92
201559326	46.28
381790992	34.49
103676989	51.19
850791007	76.52
374492265	23.04
283748738	62.9
897157423	27.29
610809482	35.92
148212882	49.36
503143067	26.74
349103505	71.89
646415252	37.22
295374822	35.91
506575816	60.13
769450774	67.16
175319163	84.58
347548824	30.93
493068093	55.04
664565115	55.16
420146534	62.78
294038459	50.7
260619622	30.22
368635478	78.01
629825201	56.7
209785029	66.52
134065638	74.79
751376499	53.52
279720403	75.0
500330475	77.65
773810580	33.6
570041818	40.14
192002779	30.78
701035668	36.67
764906011	61.15
548769980	33.57
189052556	39.58
244543005	32.28
372508762	78.58
108175016	31.91
837373373	47.35
157110234	49.43
280461142	78.72
898430243	52.17
555268603	44.78
277021644	51.25
784219010	56.44
249844119	42.46
475503990	77.39
661846957	66.34
322143611	24.57
802137238	54.77
784515429	78.96
361279520	27.66
827297540	47.54
258124605	59.42
288791767	58.56
707894781	41.39
111779263	31.19
351339951	23.74
654415124	48.84
627385692	20.72
185826760	20.97
897733690	37.67
633673403	35.38
394484154	80.86
139108638	46.42
766299182	72.42
389496658	32.6
513380003	55.2
494104904	78.89
319812099	21.49
426040321	42.88
396358382	42.91
883102801	55.02
806141365	85.2
430476827	54.21
489054692	38.73
595847091	53.99
514529766	47.95
894402903	75.94
171580024	33.03
636918218	71.23
601188548	62.44
323567218	43.08
551440719	77.85
175730515	89.34
168014807	62.05
779835847	84.85
257944595	21.45
513957664	63.56
873524082	33.09
229657633	35.66
762940830	37.08
337646269	64.61
464806248	58.8
620883391	62.8
776308731	37.01
886084485	62.66
687510123	39.38
379149862	75.47
177209598	88.59
157239109	48.82
711983089	34.1
678081417	89.97
828511605	39.6
844279269	75.46
870862632	46.07
449325436	81.03
640156181	56.55
130958645	26.14
368578357	32.54
685100323	37.94
714193894	22.58
768508169	29.51
211065961	30.03
621626475	53.53
174000222	85.32
308001552	46.3
272394500	23.85
671158632	77.54
282815905	46.54
452168764	40.67
295560654	52.14
334813023	40.09
345613889	70.62
206309398	28.84
675100433	57.49
534677298	65.27
673505495	44.95
543429336	28.3
562660260	87.81
449088898	56.24
204665736	61.44
727349953	43.88
462058449	25.59
324998181	65.82
399421578	21.95
266120723	42.24
664336722	75.16
227908024	34.62
271797705	39.79
453871933	28.13
572247048	65.05
175871149	89.11
140372087	87.72
870974054	54.81
579014751	44.07
143831782	53.13
544438860	86.54
169652799	28.31
511744819	25.32
552247366	86.69
163722303	30.83
745148097	77.09
122796423	33.48
138593659	40.75
806029235	79.33
627308230	53.16
253686893	51.39
666909808	68.31
617620755	37.9
222762756	47.15
145236998	75.34
898278867	51.33
371627766	77.44
771238113	72.49
554810236	80.92
814923057	29.45
773026106	55.75
816249154	79.83
778868437	66.64
773745852	23.36
303084794	87.22
540889503	75.82
712865265	85.29
265150685	88.56
396643731	25.0
592879288	45.47
618339444	37.79
852991154	83.1
231442756	79.1
742517081	36.43
522952105	28.99
170753951	44.37
211314014	82.64
401873378	81.85
214683635	41.18
133713514	25.51
756086106	39.94
275671350	39.8
151933685	37.36
890394036	32.17
652095505	38.36
895255725	44.85
890607052	66.75
336985022	64.39
806478653	80.13
143083349	71.39
367021808	44.73
544549394	52.69
773125443	52.62
345504224	78.05
293672097	79.66
428305266	53.08
871610932	58.93
799325946	55.26
892724373	25.48
120590784	20.96
695865018	83.92
836914680	54.48
625903540	50.84
620126841	24.28
161502077	20.08
535351396	48.39
800021223	37.11
727874146	48.14
814351245	80.3
424034821	74.27
202302641	45.21
486227537	54.24
824087166	48.03
626087355	24.96
137405725	87.46
263985005	40.78
419364032	33.45
440105936	73.07
794642498	80.89
824688557	67.4
427131276	34.9
848037878	50.56
384653737	29.28
813106475	42.18
431274295	48.1
745555205	51.55
825725580	74.93
177705124	59.01
778216676	89.9
745479722	44.34
569415358	27.07
868676123	75.04
164536433	58.75
396215070	70.16
189129598	45.82
639092355	44.22
872222181	79.07
532958148	62.3
752651250	24.15
812657887	67.93
432235380	32.11
163336654	61.83
430002267	22.83
376643961	48.71
177459432	39.17
630828093	83.72
693161880	32.68
139918205	33.22
368411994	44.79
113957769	32.96
740189522	35.71
384876845	76.42
481469960	53.9
669043768	70.44
417977042	80.6
423700018	70.56
760878510	29.01
784494720	45.18
668900187	34.5
490940497	28.52
618177788	88.55
642299774	59.51
420199435	80.52
389048240	65.45
241054945	73.58
348867620	27.86
308617071	73.35
676792742	66.52
774357973	37.32
474261003	60.43
302226355	49.03
401739164	34.93
457135973	26.81
371345931	39.7
483813949	89.54
395714960	51.31
577441633	49.94
175235872	66.8
173036524	78.87
590071449	55.88
604697913	22.28
688686666	56.53
246352840	84.95
895744050	31.47
653074201	54.34
769073250	40.93
539083433	72.86
496503403	48.85
709354064	68.06
378935242	27.76
390259990	29.32
392713157	63.91
636500598	81.59
455886600	30.52
356864271	36.08
801211700	30.89
467485803	54.35
709304535	47.97
507927209	27.27
649972179	87.65
487789189	26.68
852691089	37.6
598013707	54.57
379959659	51.19
362988783	43.4
645412650	48.41
283479571	31.4
859655120	35.36
609299804	46.5
835718122	22.2
148086829	81.38
791957758	70.78
225878691	86.6
664668514	26.37
781285683	57.87
544605981	39.85
680962639	49.07
449050585	77.47
367344587	48.23
389945345	23.25
596627338	46.76
292952595	82.62
608943757	76.75
498044744	86.38
377553815	56.96
749711924	23.65
464081971	27.81
397294465	72.89
444809203	78.9
601850672	86.13
865210624	55.7
514239301	20.97
897131192	47.4
861385057	52.99
622351856	27.64
879774612	47.23
121461347	72.51
683838099	66.79
741585722	36.2
115287413	51.13
784311727	86.96
628971828	77.12
152913605	85.77
190811948	59.74
663825048	56.38
835656542	78.77
398899980	66.15
624817108	71.5
614630993	74.53
738985563	67.43
659555592	88.79
232731863	34.52
852956272	33.78
323930927	26.65
437663457	72.38
787088726	75.81
795834830	54.17
643267700	77.39
258595869	23.96
300510978	20.28
329144457	81.2
687924711	86.94
767209531	25.53
482838935	25.21
824072680	31.34
487912523	65.25
385358547	65.14
477565077	74.06
842875849	76.85
785511074	84.85
355966971	32.49
605168528	47.88
423658595	59.66
549901090	35.44
198809842	74.52
523418587	79.27
355180577	45.04
822504322	26.08
326625893	56.48
362016128	66.7
776146111	83.48
431943051	22.87
298346985	28.21
101389755	28.28
740051781	30.69
210242515	37.04
715483016	56.88
102350931	87.24
395545088	81.81
377164600	48.45
541267481	73.6
206354995	89.85
266833098	21.99
584780773	40.29
330688292	85.62
881080190	47.68
887134575	42.43
245663557	60.74
890403333	21.64
256594505	44.83
571471246	53.68
679728408	59.16
561312648	87.29
359200387	42.98
822070038	36.57
891112851	61.98
460149582	57.51
201177521	27.56
547853486	72.28
447554327	78.83
563556980	23.23
327838060	47.84
565314173	64.52
332909525	77.14
740834722	52.33
260116240	78.14
401683697	30.21
875994875	53.84
388491209	69.28
407467935	70.71
157127736	22.08
116025092	89.74
724534472	70.35
184173506	80.19
690011825	41.22
124585253	85.91
152031731	76.52
155884127	28.92
149545814	68.18
144089874	87.78
145001456	20.44
117085781	46.57
789485206	22.27
117152308	51.13
858053746	46.08
310877015	20.26
678532537	44.15
791664822	45.37
883711767	27.61
332635842	21.67
131320273	88.02
555564546	85.7
525972562	52.07
548273220	20.64
194709422	37.35
762508708	52.38
124395957	72.07
652325310	81.06
654283928	35.67
408478289	60.03
511428251	42.13
541621771	87.21
875262710	45.42
498645832	88.77
191779875	79.46
361520148	34.18
171654558	73.69
124073249	33.87
801753681	62.61
445735733	27.87
822143867	84.72
232053259	46.61
520608494	41.35
139901831	49.74
678117142	82.7
326980408	44.98
801795143	31.61
493193532	42.32
680490253	23.64
253652909	25.43
779423346	42.43
574039334	46.99
220762842	34.42
334064359	53.72
660341565	36.29
454855107	42.04
841519796	49.99
607476073	27.54
389398135	47.16
239424471	61.28
471518834	52.22
192491801	29.69
537490915	24.06
722459772	47.05
176985629	60.7
544708016	78.9
668067114	74.08
589320269	26.83
521311936	23.7
883250645	46.26
584700509	89.88
699940341	71.42
732053098	28.51
724875036	79.12
792432352	62.45
365117526	25.98
824791778	23.74
423879772	25.74
898997310	84.58
160741330	49.15
850063114	25.86
503084475	42.7
693295559	79.53
423094479	71.62
326153396	42.68
362775773	75.68
678036837	58.97
131614964	46.38
873404390	64.91
681952884	44.55
857247401	74.07
401227242	49.08
286395152	25.8
323492129	26.51
754605562	26.87
555754734	77.36
824470913	54.83
305742565	75.63
846588456	22.7
443390638	76.93
783079641	89.41
515634182	80.2
476578916	66.68
365756510	45.35
293437177	64.32
141091679	61.77
316161456	29.73
409390469	63.87
768835965	23.76
765318244	74.19
420223634	73.54
257614610	56.27
838988364	44.06
870166265	61.14
303931814	49.04
523915648	79.34
756370752	59.76
325999192	58.56
642741892	87.5
863406782	71.46
691634745	46.89
291822242	34.39
663938356	86.28
207026554	31.74
120487301	21.27
726248365	22.48
320027784	69.79
818155186	38.21
173468403	65.67
142778441	83.56
289646033	21.65
564206646	80.37
284264653	22.92
694011008	63.55
887760346	24.26
104847267	87.5
476450079	23.59
248062831	28.53
267111996	39.61
833956102	76.79
243658637	39.36
542918798	34.81
443230191	66.29
471446426	76.25
430446180	78.01
188413187	21.35
478548627	46.06
795771463	60.82
859894887	69.81
671648690	36.7
573471329	54.15
633812263	57.78
683257719	86.13
509081726	46.71
845922518	74.99
689751162	66.08
488123882	38.97
229149026	25.12
258889000	64.36
380270501	61.88
675907358	89.95
466992922	24.45
346077252	89.16
482293820	63.91
885320213	68.59
457557052	76.43
715795202	22.34
834883585	74.34
336175614	32.85
506742430	30.37
755398705	24.47
787456718	67.1
402238996	33.07
345147542	86.61
582733139	52.02
457746441	80.89
372403970	60.07
425430813	30.22
791438016	62.65
142447060	66.87
192745122	50.35
770550427	69.0
527064664	81.33
683402456	67.56
769460889	74.17
400545983	89.52
331221862	88.69
741874180	55.84
812339062	57.58
658910936	63.35
312358469	39.69
762986385	29.14
728489097	53.97
318536837	75.1
113574355	85.6
781060769	44.26
200951248	51.26
469245662	20.18
409467130	30.44
317094804	85.21
537381343	82.5
653217635	80.63
508595319	24.83
870047399	53.13
471733232	21.86
221931296	60.49
538945010	88.17
633144307	55.71
858421982	49.61
250374238	43.36
768105439	45.58
696891050	73.8
381604801	78.24
870969135	21.49
483005365	44.58
738338306	37.96
613512499	25.1
898459943	73.89
400117335	85.37
897110572	56.68
267696889	40.97
390320187	83.16
347159686	25.47
345837661	84.75
658511189	43.01
236611306	33.2
840683814	32.56
846976371	74.34
556977781	38.38
589466602	39.09
660431749	88.17
621189415	46.56
287059720	62.99
168237637	66.42
105190634	34.96
482756060	28.25
613245648	21.94
469751602	35.77
762140591	41.88
738837356	41.66
302139601	65.14
735929825	20.4
775260255	25.89
187771106	87.65
618699007	66.83
656179580	71.52
319162338	69.56
492590680	32.88
235508652	55.35
363778012	60.59
333903140	62.42
362065529	56.02
392779757	78.65
432139896	30.54
770673043	62.36
754452236	56.21
755615042	21.69
645914967	83.77
515199689	23.71
321306985	50.38
613348084	33.15
511277166	56.6
625874286	27.59
375643208	33.75
413740330	48.24
647054157	78.05
456553375	68.9
434031863	68.85
133471561	85.52
296898643	43.69
784024205	66.42
884171651	34.44
499374132	58.74
266298318	30.45
825847058	33.67
688256043	81.49
701233875	33.9
891726766	33.94
795017439	46.17
518968606	73.51
182323434	88.96
440006502	67.21
354419825	49.28
852472474	88.43
637930068	27.03
864756770	70.72
382756820	50.11
740609146	85.54
613626161	62.76
601347123	42.47
166588569	56.81
176656022	55.69
801654426	63.11
161358790	72.46
735297418	69.05
871245795	47.06
319351768	56.64
471978988	74.63
827267739	50.09
106762106	52.58
683071682	61.98
601478855	28.72
112826614	79.36
547313573	73.23
151872188	86.17
878662688	39.67
435588816	48.92
181725977	39.35
738293747	53.55
392205018	29.06
536993036	40.73
785248635	28.39
879131892	28.71
431043702	47.84
300245269	61.66
317864865	86.8
294983056	67.37
304823026	77.01
220336639	21.29
311909856	69.53
126598331	28.32
498788111	84.98
425819808	85.05
876130655	86.54
799771268	66.34
636394689	82.04
678290205	82.19
140088647	88.59
863152752	66.72
872023984	35.15
523351869	49.51
853420804	29.19
151468634	85.62
576491537	70.27
591135321	54.28
223970265	58.48
840973614	70.29
412140739	60.75
140182772	34.88
836184935	51.42
875754066	55.77
696351753	74.33
146728434	49.21
692786023	48.46
299956516	45.78
224821264	88.19
236239144	58.07
363290369	68.8
288314403	46.72
824694815	44.29
157041730	58.11
583470321	34.51
165634503	72.78
740250142	31.33
812762267	75.6
458934637	65.74
500874246	55.6
128241203	78.9
649579330	21.0
643416675	23.81
492614946	46.28
550194128	47.38
674898743	21.61
848465264	35.67
198962852	54.53
458734601	80.39
741536118	65.15
318967833	61.7
754051123	33.29
406790984	53.72
153165481	30.69
291860455	88.97
718629498	81.45
625457518	58.91
289169177	77.48
804692086	58.66
897814045	55.05
164397092	50.86
243794578	61.35
115321388	48.15
651140164	85.73
852602939	63.4
668144684	43.59
420597736	35.98
274611558	41.49
519365964	80.39
236225216	47.61
467086421	37.28
592670959	34.01
139271872	59.97
414846324	48.16
793786264	43.26
251912490	30.03
342942764	73.35
356230844	25.75
494042400	89.64
647385450	43.3
771083993	78.69
825662072	28.35
391789496	82.08
145888594	84.02
275436390	23.16
808281505	64.51
252553894	41.11
290695404	39.05
590318610	41.95
266840737	70.63
220834681	80.51
643865475	51.32
536882680	68.67
892575150	63.89
730562021	56.6
241999463	47.99
620232375	77.04
641709253	28.42
875092428	74.41
628970906	20.65
757425061	65.87
129274384	58.06
100994919	55.24
123206261	76.33
595290277	56.58
877244005	50.47
473914950	42.14
284587095	21.04
458780620	38.25
287902958	41.72
504643536	62.46
234873201	35.6
104073688	54.55
401689169	71.3
604687206	34.35
341193115	49.56
752303216	56.97
474025381	57.73
762302390	27.23
878583792	27.55
773970551	60.92
864542105	39.37
253971100	72.97
428240960	43.77
291384131	50.71
587346964	28.95
613472576	41.06
109745898	43.23
471682605	59.14
237557212	77.12
893084349	85.66
370329831	27.57
265702851	25.96
272236890	58.19
782582600	37.03
468618604	29.94
225684587	86.09
523220102	77.93
408461735	38.07
893779913	28.13
367225551	26.57
112118350	61.11
536100333	46.42
543890430	31.94
162550556	50.17
170868782	36.67
697680935	89.78
859863248	68.06
412781757	54.26
313681131	79.33
578801461	35.23
860990404	69.07
880041447	62.13
341546949	27.76
679017910	48.67
297759464	67.59
519389808	21.48
269743076	20.81
402070095	53.44
618277708	58.75
842579796	82.93
432117174	57.76
670192687	56.73
304792245	45.38
552372273	70.5
759606937	61.92
791201219	74.29
851534019	56.94
338727693	34.59
891987747	51.97
857660046	62.96
729196511	83.8
686004552	31.01
523355428	43.14
104643016	59.58
475061270	62.68
321372124	76.23
339102243	85.14
137296584	59.16
619943648	62.09
575256022	45.69
488094429	53.47
436429730	26.45
721917381	70.48
487756659	46.25
769942853	35.47
785159690	29.39
491186065	30.8
784604971	40.2
583721270	38.22
445015476	40.24
789631877	73.32
290859689	59.2
813115825	22.18
712796871	86.97
441223583	35.79
524885075	26.66
180686917	79.73
733080655	21.7
615330842	75.09
852210865	49.89
756536940	56.71
892623937	36.68
815478758	31.69
340742110	71.82
238038184	26.27
361780831	68.06
356083774	68.96
470677251	75.19
719167874	46.31
899258790	38.72
681194006	34.55
249965148	60.25
447148399	33.6
115307477	52.02
560955952	60.55
439858165	47.62
533675429	75.39
288097929	62.81
355662805	82.61
803366379	29.07
467704044	81.09
866603506	54.05
572006614	67.89
754613823	65.79
591107661	71.06
356127972	36.85
176172399	25.24
541007041	60.33
622871197	69.8
307851318	33.95
869220996	22.96
508991288	86.5
317032849	35.97
297121814	35.68
313884185	44.09
565401200	85.68
703925634	47.68
647194249	71.35
342091929	44.2
355748135	83.79
645919445	26.81
261895637	47.95
475565786	49.44
390947830	79.89
153459987	43.66
148238979	24.79
343626309	37.22
539398976	87.04
141151697	73.94
516022357	82.3
548085100	43.88
298055098	65.59
398889630	66.54
133702345	45.86
470853695	79.55
864814078	31.21
592928616	20.48
845173910	65.12
492596232	84.1
751238305	74.1
664067695	47.64
528355246	53.14
720995514	89.65
424871400	30.09
235847312	39.32
426435687	51.69
270629188	42.83
256338365	30.8
341879866	75.82
761214819	69.81
292366666	35.11
885513679	69.3
641832651	80.74
824339756	64.22
661404031	85.82
762069146	38.28
690968782	69.58
782998896	37.41
683526574	38.71
526691631	83.68
344557438	63.14
286203105	70.7
239520169	41.8
114217388	29.91
408966940	75.15
167115804	56.81
370479280	30.52
402205246	29.47
477011936	66.9
844146633	35.67
321144317	51.14
724097077	82.3
191562210	85.84
670257578	62.23
148716825	52.64
160668065	73.71
536355308	37.27
632676209	35.53
329341179	65.25
453249895	79.61
278357557	58.32
576133768	56.87
215853897	31.89
416984637	51.23
800531774	76.37
816508885	33.35
719354837	77.23
116894139	69.33
151060979	73.89
462300465	88.24
406204034	57.07
344480710	27.6
746045213	23.75
838585387	80.24
208219848	83.88
174607795	80.74
239147930	33.52
877968861	65.29
212288492	82.66
814702946	69.32
820444404	30.95
782460546	57.86
352934332	41.91
143950512	49.41
874563111	53.12
122566734	78.89
869977759	53.4
513926705	37.83
369282039	58.19
329393858	25.41
562500264	69.99
578223996	61.83
496718239	40.34
148548842	32.37
507710199	45.87
232706853	68.37
140307128	87.33
873942569	70.27
529714415	27.46
150378434	71.42
151192651	87.87
424129907	50.18
892405498	48.39
228996564	27.97
654663994	32.38
526650651	83.34
270786760	58.03
773449732	56.92
496200395	58.93
672658407	80.42
502265379	41.31
828428391	73.15
488932813	37.37
393227047	44.78
134692833	45.65
206827399	83.07
413519741	86.17
156217626	82.88
604742658	47.26
274256126	76.36
161477100	20.37
661097650	66.23
877391808	84.87
554098063	55.7
877291378	23.8
629634979	67.27
210493916	35.64
634676005	36.53
119527075	79.11
443349990	89.63
427789171	42.6
616650871	24.57
217433647	33.77
329146957	74.29
895763255	89.21
318487719	40.8
572354505	83.56
634563123	28.54
653236167	44.57
421695425	55.95
457771413	33.23
693473064	48.71
898973621	89.73
591207450	27.28
181751732	23.97
402395639	64.94
181950236	68.73
523903153	60.42
330166852	44.29
582338856	47.79
405798815	81.89
875347104	84.21
250734177	34.25
387016174	51.31
452236952	21.16
331693019	56.14
149292771	61.34
547271293	51.98
744369302	73.52
180122989	72.46
628143586	68.07
457417148	36.81
175627199	24.07
886186213	83.31
396289796	50.54
475275129	36.8
699215011	82.96
553407348	51.17
860687143	62.98
538933354	88.5
864339811	53.92
803802269	64.47
836853964	50.82
599905015	23.15
346849171	86.26
287835268	41.86
169227557	44.69
265737975	79.3
755818744	68.03
854355143	29.6
736690644	36.01
890793691	40.24
282003984	45.22
588021556	88.69
724248773	23.06
347251373	49.42
842786731	49.34
599010699	23.39
591444966	58.83
613967124	50.46
833039679	36.39
250601733	83.2
858758050	89.35
431487152	89.98
493101679	71.74
830964743	25.75
876075291	80.75
301505751	88.95
346352613	68.48
629281740	20.78
292540270	89.85
483790854	88.37
250006234	87.2
687962770	63.35
798014784	21.85
200439930	50.11
872544253	59.42
614438181	65.69
227518962	36.63
691560099	54.93
847219368	42.31
858717902	82.0
532777985	55.52
250567236	77.55
212723640	78.01
265500353	89.91
415442771	29.89
503943530	79.26
635438048	20.17
285159866	50.61
820122469	64.66
390289111	42.99
559106254	23.98
154136849	80.19
153595916	78.83
701961498	36.29
816066641	50.82
840134859	42.86
182444478	54.0
336924579	55.46
705975126	51.13
243836618	25.36
693490783	43.68
242714489	73.51
128369188	85.24
544877054	89.52
387237742	64.33
445033848	49.01
774084916	65.92
588177064	41.52
846023565	55.83
163671740	32.77
431113567	46.05
216127895	73.02
882515817	34.28
505045301	61.36
137353900	55.91
831571954	50.22
757194231	41.57
500811702	33.69
119571348	21.86
332594083	43.08
556851718	80.21
833459732	75.37
356189137	24.61
227232613	42.1
669891485	32.7
400780146	73.81
739800696	61.73
870316660	35.05
700174054	63.85
165689449	65.08
787779527	50.13
327667171	25.36
492397152	39.59
734653157	55.41
440990294	74.83
475240439	31.53
694928749	41.62
102044673	54.33
831142899	70.13
646082800	64.82
254379082	57.73
275770242	74.98
662918460	76.21
404549249	24.46
662682566	59.02
590132224	70.17
392408976	80.24
441797914	22.36
715824531	85.6
673695977	74.92
415077890	87.79
308721030	46.51
685819671	72.95
159283711	37.42
230236214	36.62
588181147	54.12
894744342	53.7
180017357	58.74
282909234	26.03
699631203	55.17
753662888	45.4
474717418	80.38
114148489	58.58
375286315	40.48
685255377	76.44
352699933	83.5
220900814	72.26
255030799	22.94
692730632	66.91
675573935	58.12
817206479	55.85
131447486	86.55
693831584	49.59
709183057	51.6
815360919	63.04
515679811	76.92
827732115	48.56
414090829	48.89
477297361	58.72
445251554	89.97
244814558	53.45
543893134	45.57
139079297	65.02
135778605	53.01
591179647	68.24
459810027	35.49
453019130	87.9
279750972	26.92
134853995	72.55
417289329	37.09
717496250	50.27
108140656	65.83
661523932	25.31
134896610	65.45
570708872	88.03
728203968	51.11
352934216	51.08
542177429	35.15
830064890	27.32
285759663	38.27
214590365	86.3
735356537	59.18
142576543	26.1
683994779	44.63
703313135	86.11
603224345	47.4
618312616	70.82
651085373	66.35
678682242	54.4
160566804	78.4
382722256	31.52
363982174	68.8
887759146	48.9
876082007	67.73
877452904	62.91
317130708	59.18
366771268	87.55
640111539	41.03
168831217	83.21
105126591	79.45
689149525	56.7
241701874	54.12
588745150	27.0
513867397	50.39
389606846	34.28
227740358	50.08
386904986	50.14
370463402	68.32
250193266	77.0
709894070	80.7
440417476	89.77
344438522	22.01
286111996	34.69
526627541	27.97
302265916	25.62
286486150	39.81
183025705	65.38
809820635	55.98
302013870	49.52
710269450	45.12
300107249	40.21
580250090	24.17
274261951	41.34
254819717	71.63
575795671	69.76
655014943	49.3
481541649	47.45
564787157	88.79
295424736	80.77
205473483	31.14
580822959	21.82
168235709	26.14
218960598	55.7
253310757	29.15
351690769	61.46
268168633	83.84
408502282	79.3
182380764	65.16
435215044	43.77
465044019	21.11
472373142	39.6
509555128	77.98
138558688	36.32
328963562	53.53
757865748	29.32
399436152	46.36
242227383	53.57
200965824	81.66
662170396	74.54
200012317	54.12
504307243	38.77
631015704	28.49
272646709	42.66
455416073	48.9
829865686	42.14
634261143	56.73
155187649	83.96
671090800	30.93
779837608	21.83
594464941	74.23
795198929	31.18
496459930	29.94
233385322	66.51
248324614	26.42
684793058	23.06
883445634	31.62
191711736	62.23
738118072	79.55
850650842	63.75
399989633	73.21
149554605	36.68
783650361	47.28
471939616	29.68
677770257	57.29
666085279	21.86
855688390	83.63
480584269	34.0
619005699	74.49
637868722	54.97
505866390	38.39
143787326	75.87
822618535	22.09
705169255	78.69
226821106	46.46
529139565	21.52
322671144	56.96
374128337	72.47
247191564	83.57
641091383	28.77
201469526	33.27
207623965	69.25
600590337	65.38
547722746	23.9
835639861	51.63
654964798	32.67
898972508	30.12
324102456	30.35
486895339	22.57
538250314	60.89
162902444	63.42
308652275	28.64
295023241	67.03
252158273	71.28
261581594	57.1
863288769	79.92
182970076	81.84
746793035	21.6
301638876	29.21
881118292	70.32
526899343	33.73
178302970	48.56
128628543	48.44
522890675	65.1
173581726	52.65
656159731	71.51
438719850	43.09
687420823	68.41
864810576	67.36
716102317	28.49
537231727	35.04
339393715	56.24
658949771	68.55
876975408	31.15
634328148	47.18
198739608	83.15
569617413	78.52
290274426	23.45
232522037	62.01
124064859	88.41
418180668	51.09
144759793	26.85
873376789	81.78
841188548	66.38
672838108	67.16
735088737	34.21
153372717	25.14
830567160	76.49
301855292	24.24
165270855	42.94
481891285	67.63
750381145	67.69
676622155	27.16
406625605	31.88
653806686	67.14
757095422	67.53
530748310	70.4
449698011	23.83
777238458	20.38
510898602	41.95
479360211	87.53
848286741	72.0
167893689	47.73
738769760	62.96
868472640	36.12
236100932	30.94
225231989	58.65
822827149	33.59
108982151	78.41
606398313	64.1
121573497	80.03
655757510	67.69
173825349	69.98
204134897	46.91
610118211	63.41
286587187	49.47
297246806	61.08
391867673	20.72
248057440	89.12
671309382	74.53
319629864	75.09
280563786	90.0
297439077	46.16
602023781	42.41
105080151	82.64
485950337	70.71
452278981	40.68
518727773	89.5
601423447	56.73
226123099	56.78
325955395	38.13
825961262	38.4
673035256	82.08
125217624	69.09
185435245	39.37
468969828	58.32
674231151	37.45
716268152	77.58
254322171	35.38
831380491	51.68
206622166	56.51
734357151	30.96
407392963	57.1
848724635	33.43
686947994	23.83
403978750	33.36
374998974	89.96
377574552	39.14
272601995	57.09
457802455	76.21
637386592	71.42
182430357	78.44
386092226	84.87
185613829	76.06
657091434	46.6
260955097	30.29
728668242	27.31
661887175	84.19
809728786	81.43
836861771	41.14
380640640	55.98
354572539	37.52
427818085	42.51
176361546	51.23
634736857	27.49
330743314	24.2
137238686	43.85
549323442	23.14
676224255	69.13
791524432	44.52
303851790	87.53
828044188	48.61
177810599	70.96
833483264	59.57
101775462	44.15
389833960	32.68
593869570	26.96
381136138	35.3
265817499	71.43
530338521	54.94
304037319	83.95
623737578	60.8
525875696	50.0
511820294	26.94
286153348	65.72
227054230	86.96
629136735	60.04
521618765	27.19
394987598	51.73
223329187	48.67
805895665	81.53
145672585	38.34
759676989	78.4
147840945	59.39
407230155	42.52
887842436	44.21
776527217	85.17
868502370	80.61
286440111	22.61
300415388	83.32
749883609	56.11
287831210	62.73
415535487	31.35
420398403	63.93
657287944	77.94
303391423	37.43
427478586	50.77
764456553	86.27
690380584	53.22
777633287	71.9
683110335	27.39
343352234	74.24
541833948	59.67
565138670	62.31
356753690	63.39
723466528	47.06
697447110	80.38
237930346	57.81
666749516	44.69
893769845	44.46
233580250	77.62
783289191	84.12
186501428	89.8
381824049	78.84
884234120	68.58
164442822	36.58
749807869	20.72
890952651	71.98
487687665	74.3
470841897	57.56
237852077	66.11
459588922	35.43
666178663	20.27
301013096	24.32
894563026	49.04
835479526	63.94
768196214	84.2
648026515	26.73
173621037	20.03
544779015	63.94
847097376	22.34
432523778	30.57
446914820	31.78
339634033	50.62
451270910	30.2
476514039	74.18
477094016	84.43
457502786	83.8
687616433	67.3
496255431	73.32
268616721	45.96
815185697	28.94
192653912	60.84
616695995	54.18
703628264	85.05
592024111	83.83
385328469	52.77
618829775	73.98
287987294	63.12
729124842	77.59
604505378	40.55
789179852	20.77
518754865	34.33
802549798	58.51
112791010	25.48
881511276	75.1
750957853	83.96
845795416	62.01
627042722	80.87
511787251	78.55
429282158	50.94
703120374	72.06
606127083	74.99
333705873	29.06
323123727	60.77
633532860	54.7
428552595	54.39
371278395	68.11
397939014	33.02
388915211	45.09
329436170	66.39
426781962	44.76
764923729	77.69
786784613	59.14
895372146	88.3
663174967	43.75
718874075	39.37
163484922	30.12
689523072	32.04
197377981	89.88
271510706	59.59
456147784	62.28
434091392	77.24
599186409	25.73
334081238	69.78
287067263	83.87
821787074	23.0
138010364	48.12
471072864	53.73
364053740	81.56
538097346	41.83
510876843	59.26
527757432	35.94
429102702	48.83
767814844	51.89
249775646	20.86
590477314	46.09
890239314	65.23
664529859	45.06
762914903	42.85
314537631	78.0
624035686	53.05
305552556	33.39
531926732	54.18
132193980	89.62
401166254	51.81
171624344	46.88
497516263	83.46
739682512	41.13
252462695	68.16
134276831	86.75
868523671	29.77
847961156	61.99
439948897	33.58
611295031	44.19
263972033	45.96
289442281	81.65
647021467	39.43
618903734	69.92
614920015	81.36
269333362	23.85
242180148	82.33
772447714	49.94
776769015	26.69
214136097	81.67
337330144	31.68
168935458	24.13
280406018	22.97
112514921	50.44
312789995	79.67
791837195	72.77
701740705	37.49
855781897	23.71
134033061	47.98
440908127	89.17
274592637	77.09
481623871	35.52
740951066	32.15
740101993	81.45
649333515	46.19
503328295	22.44
567696336	50.19
380142038	30.43
696824169	64.22
356563171	58.71
256498097	65.03
678506146	56.03
350690054	43.11
503547791	81.1
865637384	80.87
432648369	33.63
376407101	71.71
671840784	27.74
873244931	69.27
